row_angles: [0.03490659, 0.02748201, 0.02005743, 0.01263286, 0.00520828, -0.00221629, -0.00964087, -0.01706544, -0.02449002, -0.03191459, -0.03933917, -0.04676374, -0.05418832, -0.06161289, -0.06903747, -0.07646204, -0.08388662, -0.09131119, -0.09873577, -0.10616034, -0.11358492, -0.12100949, -0.12843407, -0.13585865, -0.14328322, -0.1507078, -0.15813237, -0.16555695, -0.17298152, -0.1804061, -0.18783067, -0.19525525, -0.20267982, -0.2101044, -0.21752897, -0.22495355, -0.23237812, -0.2398027, -0.24722727, -0.25465185, -0.26207642, -0.269501, -0.27692557, -0.28435015, -0.29177473, -0.2991993, -0.30662388, -0.31404845, -0.32147303, -0.3288976, -0.33632218, -0.34374675, -0.35117133, -0.3585959, -0.36602048, -0.37344505, -0.38086963, -0.3882942, -0.39571878, -0.40314335, -0.41056793, -0.4179925, -0.42541708, -0.43284165]
reverse_step_row_angle: 134.68775
row_angles_size: 64
half_row_angle_step: 0.00371229
first_index: 0
last_rows_index: 63
reverse_step_col_angle: 139.62634
half_col_angle_step: 0.003611025
col_angles_size: 870
last_cols_index: 869
sensor_height: 2.05
cpst_d_th: 0.5
cpst: [1, 1, 1, 1, 1, 1, 1, 1, 1, 1, 1, 1, 1, 1, 1, 1, 1, 1, 1, 1, 1, 1, 1, 1, 1, 1, 1, 1, 1, 1, 1, 1, 1, 1, 2, 2, 2, 2, 2, 2, 2, 2, 2, 2, 2, 2, 3, 3, 3, 3, 3, 3, 3, 3, 3, 3, 4, 4, 4, 4, 4, 4, 4, 4]
close_region_boundary_x_neg: -4.0
close_region_boundary_x_pos: 3.0
close_region_boundary_y: 2.0
ground_pcd_dir: /Users/linhao/Desktop/ground_pcds
